0010001110111000110000011110100100111001001001000101011011011110001111101011000100111011100100000100011001101000010100100101011110111101110101100100000011111011000001100110011100011010110100010001110010000000001100010111111110100011101100010111100110011101
1001011100101010100001000110100100010110010000011001111110000010100010111001110100100100001101001110010001100101111000010101000010111101100111000110011010110011101011010011110000101101011011010001101000111101000111111010011110111100100010010110000010101001
1001101000011101111001100100010010000001010111101111011011010001001110111000111110101010000110000011011111111000101010001000101100010111111111000110100101011010000001111010000011001010011011100000100000100010111010001111001101101100000000110001000110011001
0110101101100101101001101010010010001011100000010100100011110110101100111000101000001000100011001010011001011110110100111000100110110111010011010000111110110001001100101110011100000110001010011000111110101101110000011010011000000110110010110000111110110011
1100001001000001001100110000101100000001101010011110011100011111110111101000101001110111010010111100111100110110110101011000101101000111001101111000000110010000100101101101101000011101101011000111001011111111010111010010101000111000011011101100101111100000
0011011100011110110011010111101100100111110011011000000100110000010001110010001010010011100010010101011100011010101010000111011001101100001100000111010100010001101100101011100101000011011110100010100011011111011011101100010011001110010010100010101110111101
0101101111100110000100101000111000011000110000100110011110010111011000010100001011101010011111010001011110111110001100010001000100011010001010100111001111101101010101100010101100001111011110011100001101110100010110011110111011110101000010111110101001100011
0111010110011100110111100110011010111010110011111011001111010000000010110001111110010001011000111100111010011111111101010111111101000011101101111010001110100110100110101000110111001010000000110101100000001101011110110111000111011000111101010110010000010011
0100101100001101101110110100000110001101010100101000100011110001000101000010110000111111111010000110000011100111101000010001001111101100000110111000110010100001111110010001111000011101010011000001111111110100100110110111100010001001010001100011111010000101
0011000100111001110100110010110010010011110011010101100110111111010111001001010000011100111100001101110010011000110100101100000111100010101011001111011100101111100111100101011101001111011110101010000011101110100010011010111011010100010100111101110100110010
0111010000010010101100101001001101000111001010010100011100111001011000010100111111110011110101110001100111011011001110101101000011011101110100011101111110110010001110111001100000101110111110001101101011110110000110100010011000010100011011010011111100110001
1010101110010000100110011010010000110101101000100100000010101110010110101111001100000101010100110101111011000100001011100000100000101001101000111011001011101001010111010110010110100100010000011101010110001000010000101101111010100010101111000011011100101111
1010001010001101111011111110001110011011111100000000001001110011000100100100011101101111010101111010010111100101101001011010101110101110111111001111101011011000111011111100100010011000010010011011001110101010011111101111111001000100010110001010100010000101
0100010100011011010011001111001101100001001000111111110111110111011101100101011010101111011100100010100111010100101111101110111100111110101010111110110111001011101110101010100000001101110101001000100010111101011001000000011100101011110011111011111000000001
0101001100000100001100010111111110101111010000101110000100101111001110000011100010110011001001101000111010010100010000100011100110110000001010110110000111000100101000111101011100000110001010001110110011100110011011111010001011111101010100010110011011100110
1001000100110010101101100011111011110001011000101000011111100100111010011100001101001001111000000011011000000010111110001010110000010000111100011011110010000001010001001000101010101010100111100110011010110010101111000101101101010000110000011000011111111100
1011111010110111100110010001100100111111001000101111101011111000001000111011111011010000000111010100001111001111001011111101111000100100100100110011101110000011011101010111011101010000101010011010010010010001111100001011001011101010000111111100101001100101
1001010101100010011010011111000011100101110101111011100001110101011011011010110111010110110001111001010110100111011011010111100110111111001111000100110000000110010000110100001100001000101111001000100111111010011010100110100010001111101101011101001001111011
0111111001010111000011011101111110000010011100000101000010101000001000110110100110110101100001001111111101011110100111111111000011111111010100001011110111100100001110000010010101100111101110000101110010101011110011001001011101100110001111110001110010010111
0010100011110100100101001000000110100000101000000100110111000100001001110010000010011011110111110001110000010001111101110011010111011100011100010011110110010110000011000000111111010001100101011100000101111010111100001000101000010111010001011101011011011000
1001100010001100001001001100100101100001101100011100110100100010011000101000000000011100010001010001000001000011010110100001000010011000101011100100001100110100011011000001001010101100111010001010111000110100000001000101010011001010110001011011011010001100
1100000000111001100001110001000010001001011101101110001100110100111000101000000101111110111111011010111010000100100100100001011100011101010100110100001101001011101110001000000100111001101110011010111000100111000011011010011100000010111100000110101110010000
0010100001111101000001101100101001101111010011001100011010011010010010110010001011010011000010000001110010001110101011101110100101010111000101011011110101101111101001000001011000010010100100111100010011000010111000101110001101000100010011101010011111001000
1010000000010011101011000110111011011110110110100100111000010110000110110011110110111101010111001110100110100001111110100110111110000001111101110110110100011100001011011011110000100001001101001100001100001111111101000110111010000000001001100110100101011111
0101111110111000110100010110110000100111001000000111100101111101001100101110101111010110100010011001101111100101011110001100011110000001111101100011000111010100101000111001001000110001101001111101011101110111101001000111011101001100011001101110000010101000
0101110011101100010011101011010111101101110110010110100000110001000111001010001101011100111110110000010011111100011011011000001001111101000101010100001110000101010100101111101111100100001110111001100101010100011011101011010000000000001001010111101011010001
0011110110101001110000101010100100001110110101000010111100011010001111010100110010111111001101110100111010111001001111101111111111001110100010001100101100101101110101001110100000001000001110011111110000111110000001011000101111100000111100111110101010110000
1010100011100101011011100000110000100000110111100100001101011101001000000011000111010111010100001100010000001101101110011011010010001000010111110110111001100110110000101011011011010010110001011111101001011101001100010000000000010001101101111110100101001000
1001101101001001101111010010011011011111010101111100010110011010100001110001010110100001000000110100001111011010110000000100001100101010010001011100001010101011100011001011111111101101101100001111001001100100101011001100110001111001101011000001101100011110
1011000010011011001010100101110010111010110111001100001100101010110000010101100100001111010100111000101000001111010011101111101111101101110011010100011001011110001101100011100001101000001000011111011011100000011111001100000001101100010100101100010010011111
0101111110011000011111000111000110100110010111100110100010001110101010111111001110101101001110011111111011000010000110111011111001100110001001000101101111111010010011111100110010100011100110101011011010000011110100101110011000110011011111101010001011011111
0001000001100100000000000101110000111001100001011100001111001111001111110111011010111110000111010001111011111010001000011001011101110011100101001001100010001111100001000111111111011001101101001110011001001101000110111100101101110000001001110101001110100001
0000000111010111010000100101011000111000011000000010101010110110100101101010010000000010111100100011101011101000110011001001001110001101110011011100110100000011100101101001101101100110011000100000010101100010100000000101100101010110100011001100011010011011
0000100000001010101011011111101111100111110010011001101100100110000100010100000100100101110001100011101010011011111011011101010000001111000100100101100111100000101000011000111111110110101101101011010100110101000100000110111000010010001011001001101001010110
0111110001000100000111111110011110101011010000100010000010100111010001110100101001001001001110110011110011101101110111110010110110000011100111111011110001010000000100100010001110110101000100110101010010010110111101100011110011011100000100010001000011000001
1001001110000010100110110100001110010010001011111110000101011010111000011110001111011011011000111110111101111101110111000111011010111001001011011010001000101011001000011101111100110000011011111000101000001011001111000011001100110110110110000011100100111010
0001100000100101101111000101010000110000101111101011010001011111011010000011010100010100111100101100111010111000000111111001110101111001000101001100000100100000110010001101110011010001100111110011111000110101000100010010100001111001000000001111011111111001
0000111110000100010011111110111100011001001100011110100111101110101001010110110000001001010000011111101111110010010000000101000010100111010010001101101111001111101011000110000110011110011000110000110111011110001010011010011010111010101001001011011100011010
0011000100001100000011000000000000111111101001111111000100000100000110111111100100001110001001111101110010010110100100100101111011001100111100111010000101110001010101101101110010001001000001111011101001101100001101001010101101100111000100100011000000111010
0111011001101110110010110001010101000111010011101011110000011001001011101111100100010010011101100110110000000000011011110110000100100011111000101111110010110100011100101101100001010110011111011000100101001010000001011110010000110000101100011000011111101111
0000001111000111001010111010100011010110000001011110011101110000100010100110001111111000100000011111111111010000111110011101010110100110111100101111011110111000000011001111001101011011010110000001100100010000100010111110010110001100111000100001111010100011
0110100000001010110000000111101000101010100100110101110101100010001111001000001101011101110000001101100101000100000111111010010111000000111010011010101100110000111011010010011001100010111010010001011111100000000100011011011111111000000100000010001110000011
0010101000100101101010001000100000001111000000101011101011010000111001110000011001111110111101000110011010101010100100111000010111011101010110011011101001110001001101101011100000100100100000010111101100111010010011100011111001111100010100101111101000010111
1100100011111110001111001100110111001000101110001101100111000110111011010011000001001001110011110100001111100100010110001111110001100011111100101010111000100100111111000011110100110011010010000000000010001101010000010010011101100001000001000110000111100011
1100100010001010011000011000111011111110110101000000010101111101101110110000001001100101011101101111010100010010110001001100001110110010010100111101001000011000011011000100101000110111111010100100100100000110000101111111001001110100011110110110110110111010
0011011110111011001111101110110001001011111101010000101101010010001100001001110100100101100011000010011110100000110000111101011101111100100101100111111101111001101101111110100110011010110010101010100101110000011001011110000110001110010001101101010100110100
0101000001001000011001111011101010111111011110110101001110011011000011111001101011101010010010111000101011001101010011100001000010111100010110010100010110000101100101000100010100101000110000000000111011111000110000101101011011110111111111010101011001000110
1000011111110111111000011111101111011010010010111101100111001010111010110101110011110100011001111000000010111010110011010110010001111010000011101100111111101010100101011000110010101001101110100000110011010110001000001100001000001110101000100110001000101011
0001000110001010100111010010100100101111100100100011100110010110110110011111000110010101110100000001010010000010001011110101001110000010000000010000110001100010111101011111010110011011001000100000111010001111101010001110000000101000010011011000001011100101
0001010011111100110111010101010010011110100011111100100101100101000010100010110010000010011111101001100000110010011010000101011010010100001101000000101000000011001111110000011111111000000101001001000111010110001111110111100011100011111010011101111010011001
