000001000010111001101000101101110010001100110001111011101000101101010001111000010001001111100100011010101000000101101000111111001110101001001110111000111101010001000011010010100001001100001010001011110110101010111111100001010111001110100110011010111010110001101
100010101111010011011011100101011100001111100100100000001010101001011011011111011010001011000011110110110100101111111100000000010001000011111101010110011101011011000000000111001011110010101110100111100011111101010010110001100000110010110100001011110000010011000
100110100110011010001001011110111100100101000101000100011011101100010101101100100000001100000000101011011111001101100001101110010110011111010101010110011011001010000010101001000011010000100001110110010111011110100101001111110110000001001111111111110101101100101
011110101010000110011000110011011101111100110110110000001110110110011110000110011110100010011001101001100010001001000000111100101010101100100011110111001011011100011110111001111001000010111111011110000111000111001011011000111001100000100001101110000100100001110
011001000001110011111111101101100001000111010100001100001111111010011101101111011011100110101100101010000001100110010101000100100101010101000110011001001101100100101011011000010110011000011100010101110101110011001000000101110100110110001100111101001011001111000
011111111100101111001000000000001101101101100011101101111100001110010111010011101111110010001011100011000010101101011110001001010010111110100110101010010000110001101000011000000000100000100100011010010010111111101100100110000111110011111001101101001000011101111
000011011000011010011100011111110011000000101000111110100101110010000101110110011111100000011110101110010100011111111110101100100010000000100000101011111001101101011010010010000000000010110110011011110000111001100110111011011000101010111011011000110000110011010
010011101000101111001100111001100101011111010001011010001000000010111100101011101001111101011101100100110101100110110000001001101100101100110001000100110000101110110110111101000110001101010101000000001010011011100011000011001011101100010011011101110011110100011
001011010011110100111011110110001000011100111101000000111011110000001000000000011000101110000010110011111100111111001000011011100011000101110000010100111111110100010011110110101000101101100111111101101001100011101000100101011000100101110010101110101100100001001
100001001110100100010111101000010101111101111000011100010110101101101001011011011111000010100000000100000100111100101100010100100000010110101100111000101010011111101010000001100100111100010100111001011111111010110010001110101001111111110000111110000011001000011
011010000001111000011010100010101001111100000100101010011010000100111111101111111010011010101001011111011010001110100110100011011100010100111100000110000100000110001001011010111010100000100101000010111010111111110111101111111110001001101001000000101110011011000
010110101001110100000100110001100100111110001001001010101101001100101010111110111111010110011101010111101010000001100101010110001101001100101000111101100100110001001000110101101000101001110001100111000001011100010100001011000111011101111110010111101001110010100
100100001111001110101110100011011101100101011000000010110100101111101001111001011101000110111110000111011001011111001110101000101011100001001101011100110011111110110001011000110010011101001010101011001000010001010000111110011110000100001010000010011000110001100
000101101100100001010110000011010111011110000110110001000010010001111000110110010000110110000010001110100110010001101011011001111011111010111000111001010100100100011101000011000001111001101001100010100110111010000001101010001011011111110101110011111001110101101
010001111000010010101001100000100110111111100100101011110101011011001101000100101011101000000011111000010011100010010110101111001010001011000000000010100110101010111100011110000110111011110100100001111111111110100010100000111001101001010101001001111011010001101
100100111001100100010001001101110101010011101101000011010001100110011001110000000000001001011011110111000001010001010000100001101010100010001100100001111011111110111111101110010011000111100011100100011001110111110110100110101101010011111010011111110001110100000
001111000010110110101101011011100101001001000110001100001101000011001101101011011100011010101011011010011101111001101110010110101111110110001000101101010000100000011010100101101011010001000100111110101010101000110110001010001010010111011101100011000111001000111
011100101000000000110001001001011111001001011001101101110100101011011010111111111111011000011011010111100101110101111010000101100010010100001000011000100000111100100111000111011010100110110010101000000111000011101111011100111000101110101100010001001101110100001
000000101110010000100000111110100110010100101000110100101001011100010111011011111000001100010000010110110101001111010111000110000101001011011111011111111101001011111101011100100000101010110000010111101101010001100001110111010011011010011001100101001001100000100
000010111000000000110111101110011011101110100000011110101011111001111010110100111111100010110001100110101000100100010111000001011000001110111001011111101110110001100000001111011110011010010011100110001011001010101001111010110100101011100110010000000110000000001
000100011110110110110011010010111110011000011010111111111011101001000000000010100000000100101110111110101100001010010100100101110001001101110011001110110100011101110111111000101011100011110100010101100110100000010011101000101101000001011111001101000000110011001
101000000110000011000011001000010010111011100001001110111110001001100100110100000111011101011001111111101001100001100010100011111000011000000101100100011111111100100101010101100001001001100010111011101111101010110000011110101101111001000111110101011000110101010
100111111010011011001110011011011101010101000100101000000001000110011111100110011011000101010010111000111101000111111000010001000101000011101111101011000100111010011000000110001011011011000010100110010001001101110101111111000111001101000111101010001010000111011
010000111011001111110010001001111110000011010010010011000010111111110110011001101011011101000101011001110001000110010010110101011100111101110101110011010010000000000000110000101101111101100010111001111010100011100001111011111000111011001100100010011000000000100
001001101100111110010110110000111110101110110100110010111001101011000011110101100000010111110001001011010001101111011100101100000101000000110001101000100111000011111010011010100010110101111011000001101110001011001101010110001110001100110010010000011100100011001
001000110011011010011000110111101110001000100000110000100001010101110001110001100001111011111110101011010001110011100100001011110110110100110010000010111010011001001110000010111101011000000101101100101011001011100001010010101001010110100101011101100010111111101
001111001001101010110110010101100111110000100111110100000111100010000110110000111101001100011010110100101011001111011011001101101000010010001100011001111111010001010011101001111011000010010100001111010000101101111100011001101110000100111000101010111000001110001
100000100101000011100110101011111010000101111000101011011000011001101111011100010100011110001001011011100100110111101111110000000110101011001100010110000001010110111011001010010101010110100110101000110110001101010010110000001110110100111111010111100010100100000
011001111101100110100011001001100110100001110000111010111100101101011100010110010000011100100110000101100101101001100011000111001101000010111101011001000100000000101000101111001010101011001010111110110100100001110011010111000011111001111111000110100011111000011
010001110010100001110001101010011001100111000110011101010010100100011011110110010011010110111001010111000001111100001100111001010011110110101101101001010101010010011001010011101010011001000101000000110010010010101011011100100101011101011101010000101010100101111
100100001000101110010001100000100010110100101110011010110101111001000101011001101111110100000011110011000111001010001001010101110000111010100110110100000110011010011100011000110011100000010110100010111011111010011101110111100100101011100111001110010101100100111
011101000100001011111010011100011100100110011000010100101110010011100110010111100100110110111000000111100001010101101010001001000111001011101101011111001100001010101101111011111100101001010111000000011111101010100110011001010011010010110101101000010101100100010
100100011100111100011110111000100100000000110000011011110010011110111000110101101100011000110100010010110101100000110001010001001101011111001110101000101111100100101101010010101010011001100011111110010101001111111101101100110010001001100001010011110001100110100
011001000101001011101011111111110010010110111010110000001011100010001001100000010100110000110111101111110010001101011001000101110011100110000110000000011101111101000110010110010011100111001010101100010100010000110110011110101001000111101011011001111100100011010
000111111001001100000011000010011001100101010111111110001101011111111010001010001101010101000101101101101110010000010101111001111100000110101001100001111001010100001101000000000110100111001101111011011011000000101100001001110110010001010101110001101111010101101
011110000001011010011101100111110000011000010100011010101100100001111101101111001110111110001010111111111110001010001000110001100011000001100001011100110100100101011111110011011110100011110011101111010010010001000010010110010100111100001110001101110100100100000
001111001001110010110100000111110100011001101111100001101010100110101100011110100100111011101011110001110000011010010000010110110011010010101101101000011011001010011001000100100101110110100001100001011100110011010110110011100010010100010001111110100111011110010
100000000010100010000110011011110011111110100011101011001000000010000100011010111011000011111110111110001110010111000110110000011001001100110111001111100011011100000110001011000110101101010111110110111100001010001101010011010101001111101010111110100010000000010
000110001011010110101100011111011111110111110010110111000010000000010110011100011011101101101000100111101101000101111101111010000101011100001001000100001101100000110110101011010001100000111000000001101100101001000111000010010110010011110100111111111100101011000
011001111100001010010001000010111100110011001000111001001010110101111000000010011101011101011001010000111010101100011000010100001010011110101111100111001010011111101101110011111100100010010100101110100000011001001010011110110110101110101110010010100010000100111
011011100011100101010010010101100100110111001010100100010010011011101111110010000101101001100101110011001110011010101101011110001001001001000001101111110011001001110011010010001001111011010110000010101001001011100101011100011001100011111011011010100000011011001
010000100010011001000011101110010011000011100000101011000001001110111100110101111110110110011001111000011110101100000010101000000111010010101001001011110010010111010010101001110001010100111111111110111010001111010110001000001011111111011110010010001100110000000
000011111001111000110110010000000001000011011000111101101111001000000101111010011100000111111111010010001111101100101110110110110110001000101011001010000101001011101100111000111100011010010001101110001001001011010010110100011110001010001101110011110010001010001
100101001101001101000111111001110101101111101000000111001100000000011010000011110000101110011110101011011101000001101010011010100110110101000111000010111110011001111010110001011011010100010000101110001101000101001100010001111100011111111111100000100111100000100
000111100101001111001101100000111010010001001101100100111111001000000010010100001001000100101101111001110101001000111101110110010000101010100111011001110010110001111110100001101001000001110101010111110101010111100010110011011000011000010111111011000111000111010
100111011011000011100110000010001111011111011000101110110110100101110111010101010010000010010001001010011001011100101001010001101001100110100110101001000110000011011101111100001100001000100110011000000001111011110111101101011110110111010111000110011010001110001
011100100000001101011000011001110010111111000101111101100101110110110111110101101000101110011111101100111011110101111000100100101111101100000111111110000110010000110001001000000011001001101000000000011011011100101000111010100110001111010001000000010111111000001
000110100010111100010001100001100101110100110001000011010101110001001111100000110010110100001111010111000100011000101011101010110011010000001100111010110110010110110100010001101010101110111101011111001010100000110000011101010111111001110101100010101010111011100
010100001100001000000111100111010100100001101010010010111000011110101111001001001011110010010000000001111010110100110000011110010110100101010001111000010101011011011010100111101110111101101001010100111001111011111010100010100011011010110110101101101000010011001
001000110001010010000111101001110010100111000111110111000110110100010010100100100010010011110011110101001011000011001010100001110010100000001010110001111011001101110110011011111000101001100110000010001010111011010101111001110001111100010100101111011011101010001
