0000011010101001010010001101011100101011010110110001101001001011011001100101011110011100001101010111011111101011000101101111111110011000110101011110000111001110000011111001010011110110000101110101001101000111010010100111010011110010001000011100110101111100
1101110110000101010011001110110110101001100111110010111111110111010100001011110001110011011111001010110110001110101001010111001001110001111100000101111111110100101111010001001001001000110100010000000100010001011100000111001001110100111000000010010000001111
1111011000100001111001000011001110010101010010000000111011011100111101011101001011100000100100001001001101010000010011100100101101001111001101001010011101100110111000000010101000000011011110001001111111110011110110111011110011110000001110110111011101101011
1100001101111100111101110110001101011010010100111100111000000010011001001111100001000000000010101000111000100101000010001000110011010101111011001101100011100110011100100100100111000101111111110101110110010010100100101111100010011001110001010001000010110010
1001111110011000111011111110100110011111111100111101100000010000101000110110001100110011110011001100011110010101001011110100001100011101000010100101010111100010111111000010000110000000101100110111100111100001000100000001100010101010101111010011111001110110
1100101110111111111110101011110110011010001010010011010110111110110011001000010100110011111111001100001000101010110111100010001001011100000111010000001110000001111101000101011100010111000110011111100110010011010111010100100100101111011000000100111000100100
0001010110010011011001011010111011010010101101110010011010000111100100011101111111101000101110101110000110000010011100111010001111000010000101111111010110100101110101111011001010010111111010111010010100000011000010011010111001011100100100111011101001011011
0111110100111101000110010110111011011110110001111100101011110011110011010011001000000000110000011001111001110000111111010110000110001001111110000110111110001101110010000001010100111011000111110110101111111110101111000000101011101110111101110110001111101110
0100100000100001011000101011111111111000101010101110011000111110011001101010101110011001111010011110111111100011111001100010010111101111001101000001000110100011011100000100101101101010100110110110011100110100100000001010110100011010001001000100001010100001
1101001111100100110101011011100100000101101000100000011100011101000001011000111111001100011100000000000111001110101101001110110011000111010010111001000111101111110110111001111010111101111110001101111001001111111101111010011000110001010101011101110010110001
1010010111111001010001000011010011011001101011110100110011101001011110100100100011110001100111110111111111011011101011000011001111000000000000000111100001001000110110011011011011100101001001101110101110110111110010110010001000010001010010111001101101010110
1001000001110001110111110000001111001100100001110011010010101011001110011101110011001111110111101100011000101110001100001110000111100111100011001010010110010110001000110001010101001010010111111110001000100001100111100011010001100010100111000101010011000010
1110011100010000011111001000101001101011110111010001000100001010111100000001011110101111001110011101001011001110011100111111101101110010111110001011000011101001001010100101010111111011010011111100101000100110101000000110011111011111111110110110101010111010
0010010001010111110011010100100011110101111010111010011100011101010001010101101101011000101010010010000011111100100111001000011100000011001011111110100100011111001100111001111111110111001010101000110101011111010000000100111110101101100010000101101101100100
0111001000001000110010101011101011101001011110100001000110101101111011011101011011011011000111111000100100001110011110011000001101001101111101010011010011101110001010010100101100001100001100100100100001001000011000001101100100101001111000001110000111001110
1110101101001101111100000111010111100000000011011000111010101010010001001011010000011101111010001101010011100000111110101111101010110011101110100100100111101010000000100111110100100001100111100000001001110011011110101110011011011011111100111001101110010101
0101111111101110101101101001110001111111011111001100100000010111000100110111000010000000001101111011100010011111010001101011011001010011011010110101110001111110100000101010111101010001101101011101111001011110101101101000100001100001111001100111111110010000
1011011010000110100100111011011010110001111101001110100101000011000000011111011010111111111100011101100000110011101011101101111000000111010011110011111000010111100000111101000001000000110001000111101000011110001000111001101000011101111001001111001010000001
0000010010011010001110010110100100001001110010100101111100000011110101101111111110100001011011111000100100101100110111100101000001011010011110110111100010011011000100000111100110010101110011101000010110100000010100010100011111110100010000100000110100101010
0001001001010101101011111100011000011100100000011101011010011111010110000001001010000001000110110001101010111110011101010111111101010100001011010110001001001111011110011011010011001101000010110101010010001011000111001101111001101101110011000101100011111111
0001110010010001111010010001011101011101101101001000011111110011010101110001100100001111010010101100111111110110001110101101010100111101101000100101110011101111011000000010111110010110100100001110100101101001101011111111000000100100101100010001110101111110
1111111110101000000011111100001110001111101001111001101000100101100100001110011000100101110100101101000000010011010011101110100001111011101111011001101011000101001000011110101100010100011101110100110110001000101110110000100011010111101100100010111101110101
1111111010001001110110110101100001111111110111100000100011000100100101011010000100100111000000010101010001111000111100000011001100100001011010110100110111111101010101001010111001001111000111111100111010110111001001100110101101011000000001111010100101011010
0110101111101111110100010010101010100110010110000111011100111000001110100110110111110110101010100110111001110011101001111100001011010110110100010111001101101000011110011110100101110001010010010100101010100111100000110010001010010111010010100010111010011111
0011110111100101011000111101001010000101011010101011110000100110101101000100100000111100101100110101100110101000001011100111101001000111010110001010011110001011001001100101111001010110011101001011011011111100011100110100111101000011011111000100110001001101
0011100000100010010000111110101101001011011011110101001100100101101110100000000000011001011011001101000110101011000110110010011101010100010010011110111110110010111010110100101101100011000101100001101101110011010001101101010111000010100111101011100011111001
0110000010011101110001101011000110101101110101001110011011111101110011000011100011100111011110001110000011110110101100111111011111110001111101101000100011111001111001010001110101101101000101000111000011000001011100110101101111011111101011111101010100011110
1100111110111100001010010101111111101111010100100110100011111101101110111110110101010001110100011110010000111001100010111100000000100001100101000010001110011001011011110000101011101000101100010010101000011100110111011010100100000001111110000011100000111011
1010010110010010110010110000001001001111001000011101000010100001100011000100101100100101001001001000111010010010100101001101111011011111110000101110110111100010111011111010010101110111100000001011100100111011011001010110011111000110101101000111001010000100
0111000101110110011111001100001001001000111110110101010100111000110000110011000011000011010001111010010101110111111011100000110110000101101101110110111001001111001110000000000000011111111010001101000111000100011110100010011011100001100110010010110110100011
1110011001101001110011011011000001110010101100001110101111101101001001010000010111010111011110011001101001111010111100011101011100110101101010010101000010010110100011010011000101010010101101000100010011011100100001000110010111011100110101000101111001001001
1011100101010111011101010000100010010110011110100000000011110001000111010111111001111101010001110101100010001010110101011000001001111100110000010011110101010110100111110000001010110101100011100111001010000010000100111001100111001110101111100011010000000111
1110100001101111100111111001100010010000001100011100001100001101100111000111110011100111100011011001010110001000000110111101001101111111110100101001110010011111101100001000111001101001001011110000101000011111110001001010001011010011111010001101010011100000
1001111111101111000011010100011011000101010001001111110001011010001011001101001001110010111110110011011111010010010110111001011001011010010111101001000001111010101101110100010111100011010001111001100001111001111101101110100100001000001101000101010100001101
0011001001011011001110001110111000100010100100100110001000110010011000111000001110010010010011101000111001100101001001100011111110111010111101100100010010011000111110001001100101101001111010100110010001111100000000110011110010101101010111111100111101110110
1011111101101111011101101110011100000010110111010010101001000001111101001011110001100111011011101100101010000100011111100100001001000001110011010000101100111011000011010010010111111111001110110111101111100111000010001011111101100111000101111001111101010011
0110000010100001000000111010011010001011101100000100111010010100100000100010001000101010111011010101111110010000001001110010000010010111011101110110100100000010100010101001011001101011001100000011101110001110111011000110100101101010100110110101110110100111
1100110001001011111110011010111000000001011001010110101101100111110010101010010001011010101000011101100000110110011100000001100010011111101010011101101001100000110001111110011111010001100110001111101011010010001001000100100100001111001011010100110100110110
0010011101011110100100110010001011111110000110011000101000001011111100011011010110111101000101100111010000011000110010000011111010110010101110111111111011111100110001000000000011111110001011110101110010000000010110111111010011101111010100110101100111000111
1010010101101110011010011101000011110010001000001011100010011100101000110100110010100110001001011101100000010011111011011101010010010101010100010100101000100001011100010011010010100101010010000101101111011101110100100100011110100000100111010100101000101100
1010111110111100010101000111100010111100110010010110111001010011010001111010101100010101101000111101011010010010111101101011110000000100100101001100110101111001100111101111001101001010011011110010001011010010001100100010101101111100001011100001101000111011
0110100101110000010101001100001110110101101101110100001100110101000001110100000100100101111110111011011010000001111111010000110100000000010101111100010010001110010011100011010111011011010001011111110001100000100010001010101101100011111010001011100101011101
0001100011101011001001111011110001001111110110011000010101001111100100111010010100010100111111100110111011000100010111111100111101101110110101001000100110100000000101110010101101110001000010110010000010010011010011100000011111001010110010101011010110000001
1110110101000011011111100000001100110010101100010001101011001001110000110000010100011100110011011000110010011010000010100001110000001101001001000011100001100000100111110101010001101111010010100100101010100111000101101011100001110101010100111011110011111101
0011000001011101100011100001001111101100110110110010101001001101100001101111010111011110100101100100001001001110100111110100101000011000000100011011110100001000000100001011011111100010100000110100000011101000110011011010101000011001000010111110010110111111
1111101101101000101101101011101110010100111110100111100000010111101001011000110100111011001101010000001000110010011101111101001000100101010100111001000100010100001111100101111100010100010011110001011010010011000111001110011010101001001011000111011000111111
1011010110111111000111001110110010001100101111011001110111110000110011000101111001111000101100001110010010110101110101011001011111000100011100001111101110111111000110010010100010001001101010010110110000111101001011100110100110001100000011100111001110110101
0010100110111001110000100100101001010110100011001000111111110011100100101010010011010001011011111011100110100001111010111001011101001101110011110001110101101110110000110011011111111100111111111000011010110000110101100101001111111110101011110000010001011100
1000000010111000111111110101011011111001001001010110100000001011000111110011110000100001001100111110000101000111111100010010111010011011011011011101110111010111100001011011011011101000111101001011100110100111011110100000011000000011000000011000001111110110
0011011111101011001001011001010100101001101010000111000010100100111000100001101111001010011010111011001111011010101111010000001100110001010111110110110011001111001001011111000111000001100111000000000111111011101010011110110111111111010011001000001111110010
