0001011100010110001111010011101101010101001101001100100110110100001000001101111010010111010101001111110111100010100011000000101001111010000100111011110100000010011101011010110011010110101101100010001110101110011101111001001100110000101000110001111110010111
0001011100010000011110100111000100010000000111100110101000000000111010100110000110000100100110101101111000001111000000100011101110111110110000010010111101101000010101111110011101001001101110010010010001011100110000100011011100011000000111010010010001001101
0001101011100100010111010101001110101000011010111101111100101101100011010111110001001010100000100100001000000001011110111101100010011011000000001001001100010111000011110011100101101111011000000001010001110110000111001011010010100010100010000011101000101010
0001110000110000000110101010011111010101011011101011010101101000011110111111001000010011101111011001001101100011100100111101110111010000000001010110110000001101100101001111100011110011111000101001101100100110110111000111000011001001001100000110011101011010
0001001100100010101001011100001001101011010110001000110101000000011110001101110100100110011000110100010010010111100000110001010000101000000010110001111000001011001011101011110001000101011101111101100100001101101101101010101111111100010010001000101101001000
0000110010100110111110111011011001011110001101011001110100110100110010001011011011111101101100110100101010101110111001111111111111010001010000000111000101001000011000010100010010111001011110111010100110110011010111101100111101101111101110111001101100000010
0001101011111011101111100100100001001000110100101101111000010011011000001000101111000101110100011011010110100110011010011001110100001011000000100110010101001001101111010001111001000011000010011011101100010100000001101100101110000010001101011111110010110111
0000010111001011010111011011000010110010111000111111110100010010010100000010111001001011101001010110100110010110100111010001110001111100110101100111110100101010110000101000001000011010011100100000001101001111100101001001100010010100110100010111101100001111
0001001100010111110110001111101101001111110011001110111110110000101001111100111010010101101010110011110101000111000010000010101010001010100100100011110001110110100011001101110111100100100101100110111000011000000000011010101110111001100011000111010101100101
0001100001000010010111000100010010000000001011111001111000010000000110000100001011101110001101001101001110001011001100110101001111110110100100110110010100111010100011011101010100000101001110001100001100001010001110111110000100111111111000000100111000000101
0001001100000001111110001100101000111010110010111110111000101111111101110000100001011000000111110100110000011011011011010100011100101010101110010010111000000101110010000111001010000001001100000010111110000111000011011100111110001011001001101110000010011001
0000001110010110010010001111000111001111110100101010101110111010111110111111001100010100101110111000011100001000011100011101101000001000000100111101110101011001110011011110100101010110110011100001100001011000101000111100110100110011110001110001010100111111
0000101111110110010010010101100010010010111000010110101001101111111100010001111000101000100100100110010011010000011110000011000110001010010000000100000000110101100011111010011001000001000110111110110110110100010110101101100111110000100011001100001010000000
0000111100000100000101100010000111001100100111000010010011101000101011010111011101000111000101011111110001110101100111101000011111001100110111100100111011110011101111101011000010101100000110001100011101010101010000010011011011000010111101001011110000111001
0001010100000011001110011001010001100011110010111000001011000000011110011100001100010100111010010110000000000111010010001001011011001101111101011001100000110110000111010111101100100011110010011000001100010110000100011001011111101000011010001010100100110101
0001111000000100000101011001001001011000111101100110000101001010111000101111000101100101000001010000000001001101011011011011000011110111001010101111000100111111001111101010100110111001111100101000100010001000000100010011101001010100110111111111110100001110
0001101010001111111000010010000101010110111001101110000111010000010101011010110011111111110110111001000010100001000101001110111110110010011111111000000000001010110100110001111110000000010000110110000010110010101111111010011101111011101101110000000001101111
0000001100001111100011010100011010010100000010010010111101001111001010000101010110000111001101100110001001100000010000011111101010111110011100011100110011011101110100001110110000010000101110111010100000001001101100111110011111111000010011011010101000110000
0000000110011010000110100011011000111111101000101111011010110011000000111001001001001110000100111001001110010010111100110100001110100111011011010100010000001101001000000101111001100001110101011010101100110010110001101100101100100011011101100011100011110001
0001010101101010010101010110101100001110001000011000110110011000000111000000010101100101111100100110010100010000010101100011000001101001110000111011001101011101010100111011011110101000101110100101111101001100111101111001001001101001000010000101100100011101
0001110100100101011111011010001100100010101111001100101111000101111011101110111010011100000110100011101100010111011101111101111100010110001000010000000000111011101001101000101010100001111110011110001100111010010000101100101000101010110110100110111110110111
0010000000111111011000101001011011000011100001101010010101101110000000010010010110100111011010000000100111100010000110000010001110110101101000001001011011001101111111101010100001100111010001011001011111101110011101001100000110111010101111101011011011110101
0001110001010000000110000100011111110000101011101111111111010011000111110000011111011011001101100010101100011111001010011011000110010100101011110000100110011010010000100100010001110101101000101011110010010000010100010110000101111110110101001010111100001110
0000001111111010111100100001101110111000101100101100101100010000001110010011010010000011000110110111000001001010001110011001101100001000101011110101010111001010010101101101010011111001001001100110001010000101111111001010011111011100110011010001111000110111
0000010101100111010001101010100001011100101001011011101101011010101000111111110101011100111110011001011001111101110111100011100010110000111010000111111010001001110101100100111100101110000101111001100000111011011101010111010011011100001101001011010110100010
0001100111011100011000101010101110101101100111100101000111111101100010011100100001101010101101100011111111110110000000010110100100000000110000011101101101010101001111001111010111010010100101000110000111111010010010000001000001101001100001010001010100101100
0010001000100101000010110100101101100111000110000000101011111010011010000010001111000011011110111011110111000100001010110001010010101000010111000100010101101001101000100101110101001110011011100110010111111000011010000111001100000111001010010101011101011001
0000010001100011010101101011011011010010001110111100100011000101101111101000101011101010100101100001100000101111000100011100001010101001010011101100001010001100101010100010000111001110010011010111101010111101000000011100111101010101101110011111111111011110
0001110011010101001000011110100111101100011001000010110101010111011000111001011100110000000111100011011000111110100011000111110011011000111001000110100100010111011100111110011001001011111011100011001101100011000001110100011101110101100001011000101110110100
0000111101100001100100001000111100000001011100001110010101011100000011101101111100110001101011111110011011111111100111100001001101111101111110110000110011111101101101100100101111010100011111100110100100000110010001000010100000110011110011110001101101000101
0000000100010011110101111101101101111101110000011100101001011001110101101011000011011100010101101000011010000100011010000110110100001100011000011001110011111010001110101010011111011001110111110011111111101101111100110000011001001000000000001011110110010001
0001101111101000101111110101011010000100011100101011111110110001010011111000011111011101011000001110111100111010101000100001011111010011111101000011101110011011110100001010011110010011110110101001010100111010101101010111010010101100111110000101000010110010
0001011010000100011000010110100011010011101001110010001011011001100110010100000010111000011010010000000010011111101010101101000110011111001010001000001111001111000101000010000111011010010001100111001000111110110010110100101011011110111010111011111001010011
0001010000000000111010011010011010000011101001010010011011011000011011011011000111100010000001101111010101001101011001000010000011110010000000001101011111100000001100111101000101100110100101111101101001000011101101101000101010011001000101011100101100001010
0000101110110110001110001100000110000010100101001100111000110010110010111101011010111001111000110011001110111101111101111101110111001101000101000000011001111001000010010101100000111101111000100100101000110011110001001001000100011111110101011100100101100001
0000000010111101111011001011001011110011011101100100000101000011010111100010000010000110011101000101111110100100010010010101100111010011010100011100000111011010110001111000011101011110010111001001111011010010010011110010010111010101011111111001000000010011
0001100110101000011100100010111110001101010001001011110100110101000101100110111100010010011000110000000011101000110001100100010010110000000010011111000011001100001111110110100111010111001011101010010010010001111011001001010101011101110101111011001010011110
0000110110010101101000001100001011111011001011010111010010010001000111010111001100001101110001100011100101100010101001110000001101101110010010101011101001110111010111101100010101111010010001110001101111101000000010100001001000000000111001001100001001010101
0001011110011010111111011010010000000110011100010101010100101011001110101100001011001010111000100001011011011100101100110011011011100011001100111010100110110110000110000100110100011000001001011101011110000011101110011110010101101000101010111111111010110001
0001111001000111111100110110011100100001111010100110100100000010100101011100111100000001000110110000101001101111000011001110110010001110110100010110001010101011011000011011000110010011110100110000001100101011111100001001000001000011000000101110101001111110
0001010100111000110100000011101100010110010001010101000001110001101100001011100000110010111111001010100100101001000100001011011101000010001001101011000110111000110011011100010001011111111010100111101001111100100001001101001111111100010010100001100110000110
0001100001101000010000110001001011010111100110011101000100000111110101011000110100101110001010110000111000101100111101011100010011100011100100100001011001110011000000000100001111000101110111011101111111010111011000011011100100010110110111010100011011001101
0001010000010000101101111010011000001110010011001101000100110110000101001110111000110111101011011110001111111011000100001001100011110000001111110110000101100001111001111101000111000110010100000010011010001100001110100110100000110100001001101111011110111101
0000000101100011101110001101100000001111111110111001010001110101111111010100111011111110110111111011010111110010101111100100100101110001101000111001101010001011000110000011111011110000011101001000000011001000101111110100111111010111000111101100101111110110
0000010010011000011001001011110101001001101011011100011001111100110110000010001001101100110111100100110000111111100101001110100010011010100111101000000011000010011111110110011101110000011110101000010000000100001111001000110001010101001101110000010010011110
0000001100110101010111111011001000011001010111000100011001011010101000010010001001101001100111000001110100111001110100110101000001011100101000011010001001101000100000011101000111001010101000000111001101011010010111101011110110001100100111101100101110000011
0000000010111010000000001011110110101011001101011110000000110111011110100100010001111000000001111011001101101111010001000010101001010010100101101001110011100000000000111101100000011101000111110000101010001000000101101011110110101000110001111010111001110011
0001101111010101101011100111010100000010010010100001101110001010100001111101000011010000111100011101100001010111011010001111101011000001100010111000100110011010010001010100110100000110111000001010111010100110100001000101111001111001100101111100110011001101
0001010111001100000111010100101111000011000111110010011100101010110011001011111000111001110100010101010110010000010011100111010110100101010001010010011110011010101011100101101101110101010100000111101110011110000111111000101111101111110010100111010010010101
0010000010000111010000101000111110010000000111000001000010011110010011011001011011000111101000000000010000100001110001111110100101101000101110101010000011111111011111110001001101000101001101111101111100010101111110001110010000010000000010111110000001000110
