101100111100000101001010101101101001110011101101101101010100111000101100001101111011011011110111010111110110100011000100000101010100111110110100110010011001110101000000101001100100001101110100110010010110001010101001011100111101001100001000000011010100010101
101100111010010001001011111000100111010010100010001100000101110010011000100111000000110111111001111111110010011000001010101101000011011111100011101010000001001011110110000011111010101110110001001010100111111001110000110011110000000011110101101110001100000111
110001110000111000110010100101000101010111010000010101111001111100001010000001110010100101011111101001000111111111001000100100110111100111101011101011111100011101001100010001000100101101101001101011011100011000001110100001100010011111101101000110001000011011
110011011000100100100001100111100001010100110000110000010011010001110111111110011001011000001101111000011110010011101111000011000000111100000111011000010111111100010110001100000111101111001000001111010101001111100011110110101010010110101110100011110000110101
101000000000011100110110101101111001010001011101001001111010010000111001001011101001110100100010110001110110101110000101111100001001011101010001011100000100111101111101011111000100001001001010000110110110011100000101010110111010101011101111100001100010011101
01111110111000110111111100111001111000010010100000001100111011000011000100011000011110011111100001010001011111110100101101000010011001100010010010101100010001101110110111111001010010101110010010000000001101101011110100010001011001001110010010011011010100111
110001111000000111001100011011101100101111110011011010000010100111010010000101111001010011101101000111010000111011101100000111100100110111010000011111011101111001011100100110110000000111001000011101010100001011011000100011010110111010110000010110110011000101
00111010001000001111100011101001101101111000000000011010100001100100001110100011101100111010111001110110010010001111001010110110100100101110001110101101101011000111100010011110010110011111010001101100101001010100010001011101101011010010100011011001100111000
100111111100110001110101101010111001010100011111000000001110011101000001110000101001101100110011010100010011010101111110100001010010101011101011100110000000100010000110111110011110011110110000100100000110101110101100110111101000011101100101010001100011110001
101110011001111101010011110101000100100101001111100010100111010011010110011000110111100101101010010001000001001110001010001010001110001001001010110010100010101100101110010011000100111100101100011001111110100111110110111000010110101001101110000100110100111010
100111110101110001101100111111111101110011100101110101010001010111110110000010001001000001110001000101101000000010100110011000110100110001001011101010110010110100000000011001101011011100110100010001000001011110000011011011100101111111111100011001010011011001
00100100001010101010010101111111010111101010001100111101110111110100000100100011001011101110100110001001100011010100110111100101001000010100010010001011000101110110111000011101001110010111101100101011000001111110000100100101111111110011011010000001000001010
01110111110110011110011001001000110110001100101000011011110010110000011110000010110001101000010001010010001000111001110010000010111111011111000001000101001011000011010001111111100011101110011100111010111101100111110000000111101011001010101010001110100010010
100010110111001111111010000100111101011100110000101001111001011111001110011010000001011000100110100101111111000010111110101111100000011000110101001001111000011101101101000111110101100110000011001001001000100101001000101010001110111001111011001000101000100010
101010010110011110010110101001101000010011101110001010110110010000110110010001101000100001100111011100101011010110010001111101111100001010110011110011000110011111111100111100100100000000001101000000101110111000000100110111101101100001000001101101101110101011
110101101010100111000001100110011110100110101100001001010000011100110100111010010000000100101111111011100111001000010011001010101001111001001000011001111001001100110111101000100011110100010111110000100010101010100011001101101010001010111100101100110111111111
110001010110100011111101110000100010111111000000011111111111101101110011001111101001111110100100110110110100110111011010111010000100111100001001000101101010010000110010000011100101101011101100100000001011000100000101000001010110100011100011010100100101110110
00011110110101101000101000101010111011001111001100010110000111101000101001000101100000111001101000110101100111011010110000010001000111111010001110010011001010010101111001001101111101000010001100010100011000001110111000100111001001000111011111101100111110011
00010000010010100001101010011111011110111100010000110010111100011100110100101101001010101110000001111110010101001001000101110101110101100100101101010011000011001110010101000110001111100010010100100111100111100010110110100100110110101100011011111101111000000
101010110110011001100011011100000010001010101101111101011101100000001001010000110000011111110001101010010010001011000011100101110001010110011011100100000110101011010010011000010001011100111001111111111001101111000111100001010100001010111100100011110110110101
110100100101100001000111111001011110000111100111000101010100001110100010011101010001100001010010111110110100000011110001011001100110110010001001010101111101110101011111000100110001101001100111111011100001100101011010101000000110110010010111010110011100101010
111000011101011110001111110011010000011010111000110111000111100110100111101011100000111101111110001000000000101100010000101101011101110111011001100101011111010010000101010001000110000111001100011110111100100100000111001000111000001100110010010111101110110000
110011100010100000100111010110100101110001000111111101100000101011101100111101010000010000001111100011011101011100100010110001000011000011100010011100010101111010110011001010111111001111010101110101111010100111001000100010001100101101100011011010101100011100
00101000000101000010111110010001100110000011011100001011001010111011011011011011001111010000001011000101000010101010111001101111000101011010001000000101110110010111100010100000011000000101001100111100110101010101111101010011111011001101110111001110111011110
00110110001110111110000010110001101001110101110100011100110011000111111011110010111101011110001001011011110010001100110110101001010101011110010110000000110010001100101010011011011101000010001101011000010001011100001000101010110101100101001010011100011100100
110000011101101010111001001000111100100111001011101111001010000011101011101110101011100000110001011111100011010100100011100101001101100101111010000111011100111011101010010100100111101101001000000110000111010001101100100000100010011000100110100110101011111001
111010110100011110011100101010001100001111101101010010010110101101111100111101011001100110101010001110101111110100010000010100011100110100011010110101101011001011010110100101001011000000110111000000000101001010101100111001010010110101011100001011100011001100
00101100001000101101010010101001100110001001011101100100010100011111001000111001110010101110011110100010100001110110111001100110001001100011101010001011010111100100000111011001001011011110000110100010010001111110011110011010001101101010100110001100111011101
110100001100010110001111001101010011001011010100110011011101111011110000000001101100110001011111110100010011110111101100001111010011100001110101100010011110001110100001011110001011000100011000000011111100110000101000000111001100101101110111101000001011010101
100011010100010111111001111111010110110000110111010001011010010011111100110000100100001000110010111010001100000011100011100111101000010011000110010001100110101011001110111111011001110000010001100110011101100000110111110010000010111000111001001111000000101111
00001011000011000100010001101100100101000011100111100101001011111111010011110010100001111111000111011001000111101100100111101110100000110110010111101000100101010110101010010111010001000010010010100101011111000000110101100100100110110110100001101101111110010
110011000010011011011101110101110001101001100111001011010011110101001110001110011101110000011100010111101100000011101010001011101101111100110110010010010011111000000001011001010110100001001111100101100110001101100000100001100010111101001110100110011000110100
101100001110110110110011111010100111101000010011111111111111011011001000100000010000101110001111010101110111110010101000100000001100100001101011010101100000000000111101000001100100101101101101001010101111010010000111010011100110001001011101001000000111111110
101001000110001010101111011100101011111110111000011011000111011000010111111110111011101000111101101001001100001001000010111011001010111001110111000110001010110101110000011001001100011000000001001111000111110110000100011010110011000010010100011110010110001000
01110101010011100110011001011101101111011101011101000101101101111101001011111101010011111010001101000111000101101110110101010010010011100001111000010100001111010110000101000000011010000001000001011011001110100110011010011010110110000111000000100111001001000
00000111101000111101111101110100001111111000101010100110010101111110010000110101001001111110001001110000101001111110001100011110101001110100010001001111110010100111010110010010110100000110111100001110001000001101011011100000001100010010100101001100111010001
110000001101000000101111011001000101111010101011111001011110011011101101000011100001001001011100011110100010101111111010100001001100110011111000010010001010111000010100111111110100101100110000011010111110111101001011110000100011111100001101110000000100000101
100001000100011101110000101100110001111010111111111111110001010011100010010010010001100111000101001010101010110110111110011000100110000110101001111110011000000111011001000100001010110001111111011101110001000100001011000011010011111101011110010010000100010011
101101100101011011111000011011101110001100011000110000100101011011101000100100001100111010011100010011101101100110011101111110010000010000011111101000011001100010000011011100111010111001000001000001101111010010001000011111000111110111110011001111010000101100
110101111111110000011100101111001100100010100100101101010100000101101111111010111000111010010000011111011100100111110011100101100111011101010101001110011110011100000011000001000001001011010101000101111000010001010110010001111101101100000010011010000101000111
101010100111000101000100010100000000111001111001110111101110100101110000011110011011011000011010100101000010111000111011101001101011000111111011101001001111001001111001001101101010101011000100001100001010100010111001101101101110111001101110010010100000010010
101110100101110100000101111011000000000000001000011100010000110010000001100111101110101110001111101000011011111101101000011110010001110001000110101110111101100110100001110101011110011101110000101110110010101010111011001111011001000000101011110001111100001001
101001001011000100111111001010110110100111100010001011100010011001010000101010101110100011011010101101011010000011001011001010100111101101000001000101110111110100111011110010010011001001101111001111001110010110101100000111000011011100001001011000001111000110
00001110001010001110100101101101010000100011011000110010000100110001001101101110100001010000101100111101110011110111100100100100110011000111010010100100010001110010111000110110100100011001011010101011110011010001010110101111100111111100001100001111011111010
00101110001011111111111001100101011110001111011101101000011001011011100011010111011100110111101010001000010101001011000100000100001001111111111001100100001001011011110100011100111011000000110110100011001100001100001010111000011010100101011101000010000011000
00100000010110100101101110000111100100011100010100100001100001011000010000010101010111111111010111100110000010110100010111011111010000101100011110111100001100001110011011001000010101001011100110111001110010110110010110000110011001101110110100011110001111011
00000111011111001110101110100001100001101010110001000011110011100101010001010010110001010110110011111000110011110100111000000110010111001011011110110101011100101100110000011100000100011011111000001101011000000110010000001100101101011110010101011000111110111
110010111100011001001011110011111001101010101001101101111011111001000111011110110010110010011010010111101000110000101011000010111011100010100001001111111110101111000010100001001011010110010001110001000000110001001011110100101110000000011000101000010110101011
101011010100110101100101111000011000001010101100010110000011000111011000011011110010110000011001101110010101111011001010101100010011000010011111010010101011100111000100101010011001111010111100101000010001100101100110111101010010111000110110111000101010011100
111000110011111000010101101111001111011110101011101000010010101001011110110101000100100011100000000011011111000010010010100100100001110101110110100101110011000110110100101111111100110001111001011100100110001011000110001100010100101010010001111010001101101001
