010100011101011001111100101000011111111110000110110101001010100001011011011000101101111111111000100110101010011111101100010101000010001000110100100001011001101011101110010010000000000001110010011001001110100001110000010011110101001111011100101000110011001110011
011110000000001110010010001101101010000001100011101100101100111100010100111100100010010111100110111000000110100000101011101111100001110110110110000000010000011110001010111110100111111100011001110100111111001000110111011010000010111001101111011001100011101110110
001011100110011101101110011101101010110101000010111000111001001010100111101001000111001111011001001010101010100100010101111100100100111101010001101001111010111001100101111010101010001010101001010001010011010000101110101011010010000101011000110100000001111000101
000111110100101000101101011011000010010110010010100101101001100110110001000001010000001110010000111101110100101111111010101001101110011010011011101101011000011011110001001011100101000011001100101100000011100100110101010001011011010110001110010101111100010101111
010000110001100110100101011001110101000110011011010101010010110101011000000110111100011000001110000011011000111010100000100010001111100100111010100100101000101010110100010010111111111111101111000110000101011000010110110011101110110100011000111101000011001111001
010010110001000010000101011101001000100110111110100110000101101101101100100001011111101011110110000001110011000001010110001001001110010110001111010011110000110100010010101110010101100110011101111111011111100011010011100001000100111111000001110010000011000111011
001010110010010001010000010000110110000001111010110011000111000110111101000000000111001000011101100100010001111101000011000001101000111011111111011010001001001100001111010101000100101010111110110000010111101000001011101011001111101110011111101010101111101101011
001011101100101100111010100101010100100101010111001000011100100011001100011010101101100111001110011111010110111101101001101100111001110111001001001100010000101101010011111010011110011001001101110101000010010000101111000001000011000001101011010110001010011100001
010011000110101110111111110101111000110010100010000001101010010111011001010101110000011101011111000110110001001000001001010100100111001010110010111011010011000110111011001111010100001001100101110101101010001101011110000011010101000111111000010010010010101000011
000000000000110110110110101111110100111010000010001000101111111001101010101010001010011100101101001010011000001101111010100001011001110110111010000000100010010010000100101011110101001100001100111100111000101101111101110011000001010101011101111001010111101101100
001111101110100011111110010001000010100100001010100111010110001100010101000110011001000011101001001110011000011101101010110110111101001100101001110111001111110101110000000110001101011010111011111000000110000000101001001011101000111011010100111010110101110000011
001000100111110011110110000110010100001011101000010110111000111101110011000000110011101110010001100110110101000001101111010000000010111100011011011110111101001001111100101100101010110011011000100001110001000000101010110011000111010011010101101100101010100111001
011101001111000101110100001001111000011100010010100000000111001101011011111010110010111100001101111000100011101110001110101111111100000110011110011011001100111010101001110001110110001001011001110000011001001110011100010100110000011000010001101110000111101000011
010001100101000000111000011100001011010100111111000111010111110001000011001010101101100001110110011110001110100001011000011101101010110110111111001001101111101001000101111110000111001010111010110010000101110101111001110010001000000000000000100110111101000101110
001101000111000011010100101000001000010000101001010101001100111000011001101100110011001010111100010110001100100111111110101111001111011110100000010001101011011111001111001000110101000100111010111011101110010001000010000111001111110101101010011000101001001111010
010010001000111111101010111001111000000111001000001100000100010111110010110000111111101000111111111101010100100100100100010001000100010001111100001100000100001101100000110101000101110101001010011011101010110011111000010000111101111011001101110110101111100111100
100001001000001111101111111111000110110011111001001010000110011000001100100011011010100001101010110101001101001100010110011010000100000111011010100110111001010110101011000001101010110001110001111010110110110010011001000000100111100111111010001100111010010110100
011001011111101111110101000000111110010111111000110010001111011001001100111110010000001010000100101111000101010011101100001010010000110111010010011111101011100000011000010110101110010111000100100001000110001100101111011011101001001001010101011100101010100100011
100000101110111110101101011110111000111101110010010100001010111011000001100001000101100010100011100110101010010011010010010001000111111001011101111001000100011001011011100100101100000001111111001001101101101010111101110100001110111101101000100000000110110001000
000101101000101100011001011111110001000001011101011100101001101001111010110001100011000111110011110100000110010100011110000111000000100000011100011101001100110111110110101110100001000100010011000111110000100011010010110100010011100011111011001111000011111101110
100000110100000011110010000100000010101011100111010111001100101111011111100001100100000011111011111001110111000111111101111010000101110010100001001100000110001110000000110110100101111000001010010001110011000100101101011011010001011111010111010101011011110000010
010110111000010111001111101111110001011100111100110100001011010101110111001010010110100101110001011100001010100000111101010110011111000100110000101010011101010001100100111100110100010001000110101011010000000001010100111101011111101110011101001100000100110001100
011111110011011101000101010100100001001101110101111100111000011011110001000001001111100000010001011000100111000011000111011101010101111111100010001011101000010010111101010101010110110001100110010111011000101101111110110100001101101001010100000100111100100010100
001011110101010000011000000010110100100110011110101110110010111111001000101011001101101001111100011011000010110101000110011000110111101110011000001001011001001110000110010101100101010011001000110101111111010010011010100110101010111010000001101010100001001101111
000101011111010010001010110000000100100011001101011001011001111111001111111010000010100011100001111001101010110111000000101100000010000101010101010010000101010010100100111010010011101111110100010111010111100100110111101110010101101010101111010010010000110011011
000101101110001101001110011010111110010110010110000111011110111000011101101010110000101011011001111101101001000100010001001010101100110110001100010011111101100111000001011000001011010001101100100010101001110110101110010111011010000110001010101000101000010011010
001010001100010101010001001111010000101110110111001011010001001000110100101101110100011100000000110011100001001111010101010000110111111100111101101001111110010100111001000110110001101000111100101010100110100001100101011000110011111011101001100101001011001010101
001101100011101000011010101000010101010111101101010001000000000100000101110001001110111110111101111000010010010111010011101000011100111111000000110011111000001100001101100011010101110100001011111000011011101111010111010010101111110011110011010100010101001010000
001000100001111011100011111110010111010000101001110100000010010010100110101010000111111000110010100001001110100111001101111010101010001101101001111111101101010100010010001010101011000001111011000101001010000001111101001110010110010000101101110100001111111001100
001010100001000000010101011111100100010000001010001110110000000100101010101111110110000010111111001100001111100100001101100101111001101010011100110110111100101110001110000011100001000100111100110111111001001100010100110111000001011111011010101001101111101000111
010011011101001010100100110111000111100100101110100101001101010100110101101001111011001100101010100010100000000011110100101011000001111100011000000111011011000011110011010111101001101101000011010111000010100001110010111010101100000101110011001100110001111011101
010001100111101001111100110100010111000001000101010011010100101111100010111011010101011111101100100100011100001101001010100111101001111000100100000010101001011111101111001000110000001010011010110100100000011011001011001001011000001111010011011111001010011010101
100101000111000010100001100110110000111110101000000011100111010100011111011001100101000100101100011111111010000110100001011100001111100110010000110111111000111100010111011101110000000111001111100111011101101000011110000101100100110100010011000101110100110000101
000011101111100101010001010011011000101010001000110100010101000101011100101101111101110110011110100110101011101011000010010101110101100101101011101011011000101111011000100110000000000010110001001010011011001001000011001101000110110010000101011011101100011011111
000001001101011110010101101001101101111100010011000001101000011011111100000011011000000110110101110101001011101010100000000010101101101101101100101001100011110111110100000010100011010010111100100010100110100011101100000010001011110011101011110001101011110001101
000001000100100111100011101011011010010010111100000011100100101001111110110111111010111100010111010110100110110110100101011011110101001100000100000000111100101111010000111010101011000011010011101010000101000000010110001001100111000101110111010100010110100011010
000110001011111111100011110100100101001000110110000001010000000111011110110100000000011110101011011110011101011110111100101001100110100001010011100101101101000011100110001110001001111111000010011100000001110111011110110100111100100110110000000101100110001001011
100110111111001101111001100101000011011001010001001111011101100000010100011110100101010011111110000000001010101101110000000011000101100010110100101010111101011111111011111101110010101110000000010100111111111011001010100101100110100000011000100100010010110010010
001010010100110011101101110101011010010001101010010011010011010000101110010010111011010001011000001001001101010001010100111000001010100011111110110110010001100110111110111101001001011000010111010001000001000110001011010101111100010111010011101111100110000110111
011100001110011110011000101000100010001010010101011111010110100001000100010010101110000011000011111111111001110100001011101110001101101001101011001011010010111110011100100111010000101111111000000110001011011110001110111000000101111011110000010011001100001111000
100000001001110111010111000011000111000100011011011110011110011111000000000111101000001001101001011010000011101100000001100110101001110111011110111001110100010000101001101100111110101101100100100101000011100111100011001110100110011001001100100111100001011111100
100010000010100000111011101011111001011110011011101001101000110100001001011011001101000110010111010001000110110110001111011000000000100111000111010110000001110101010000110001101100101010011111001000110001000101011110111011001011110111101001111001000101110111100
100100000110010000110010110011111011101101100100100101010001101111100111010110011111100001101011100100011011000010100101010000001001101001000001010111100001101100110110011100111011111110100100001011000110100010101111110111100010110110110001010000110000010110011
011111100111100000101100010010100101010111111011110011110001100011100100100111100011101111000000000111010110011100111100010001111000010000100010000101111000001101110001101000001100111111111000010110011011011101010110010011100100001000111111111000001000011011011
000101101001011100111011101000001001001110001101101110110111000000010000101001101011101101110110100000010010010111110101111010101000111011001000010101000001011010001110110011101010100111101010100011111110100111001001100010100010111011110100001111000110100000001
010101010001011011110011000101011100011101001110001001110100110111100111001101011010111100001011000111101010101000100010011000100100111100101111110101001001101101010110010011001001111101100101001110010010010010011110100110011000001000100100011001001100000111110
101000111011110000001100011010100011100010111110111100101001011101110000111001100010111101110101000011110100100111111101001000101111011001001011111001111010010100101110111000000000100000110011011110100001000010110010100011100011110000010001011110001101010100001
001011101101010011110010110010010110110010111010101101100001011001001111101011000010110111100011101000001011000000011101011001000101000001100001111001101000101111100001001100000101110001011111100101000101010001101111101100011010110100011001011010111010111100100
000110111000001110110110110001000111101011100111010001011101110010110101010001100000111110100100001111111111011101111110000010111100110100100010100100100100011110100000000000000110011100001100110001011101010100101100011111100011010010000110000111100111011101010
000101010100000111111000110010011110011001010110010111010110010000011000001100100001010001101101011100010110100110110111010110011111011100011010011100111111011000011110010010100010011010010000101010100010001010100111100001011111110001111110101110010101000101000
