0111110011010010001010000111101011101111010011111101101110111110111101000011001010011001100101010110011011011011111110111110011110010010110110110101010110000011101111101111010111100100110111101010111111111110110111111100100101110101010011010110011001001111
1011011011100000010010000010010011101110010111100011110101000111100011001101001100100000101010101110101010100000110000111000001101100110110010001001100100000110101011110001101000111001100011100000011100100000101110101111011100101100001010101010001000000100
0100011100101110001111001000111001100100110110010001100110010000100011100111001111010110010100111100001101110101011000010100100001000110011000000100111111111001110100111010000111010101010000010010000000000110001110101111100110100001111011100111111100100110
0011000000110111001111110110100010000110101111111000010100000110110110101000110001000101001110100001110110001111101001000100100110100000010110111110010010010101010110010100000010111000001110011110111010000000101100100100001011011000001000011111101101110001
0110011001110101110000000110011011000111100111011001111011001010110011001110110001101011101010000010010010011010001110001011101110110001011010101110110110011001101100101101100010110001010110100111110010111101111111011000000000100101110000100110010110110100
0111001010010111110011010000010100000110001100001111110110001100111001001100100001110001011110010010101011101101111100100000001010110111101110111010011111011010011101111001111110101100010110001011010011000001110100011001100010111110101000011110011110001011
0100000111110100101000110111010100101000010001001100011111010100000010100011110110000101111010100010100101010100000110000111101001001000100101111101100010011011000100111010111011011000111001000000111110011000111101110110010010011100011100111100110110110011
0100011111001110011011110001011000011101011010110010000001111100001100111111110101100111110001111001100001010000011011000001011011100000100100101101001111010011100110100010100101001000000110110110011011010001010110010011001011000010110101110000100000101100
0111010011000010101011111110101100100100110100111100101000011000100111000100000001111001010001000111101111110101110111111000101001011001000010011100100001011111101110001011110111010111111010000111100001111001000100000000111111111110111101101000001100000101
0000000000010011110101101011000001111001000011010101000000111011110111100000111100001111101100101010001101110001100110010011100011111011010100111101100011100011010110000101001110011101110110011110110110011110100101001110111000000001001010101101110100101110
0110000001011111011011011110101100111011010111010110000001101010111111100111011111001100100110001111111100011100010101110010100100100001011101100101011111110101100111101111010101110111000111101111111101000001110001000100100111010101110000001011101101101001
0011010010110111010100110001111101111100000111100000000000001010011110001001000110000110011101011110001000101011001110101111010000010101101011010111101101111110001101100011010001000001110011000100010010000011010110111100100100101000001010000010111000010011
1011001010001101110100110011101000110010000000100011101110000100010101011101011101111101001010010111000010101110001010110010100100010110110000011010010001110110001110110101101110010101111110011101101011000101001110111100111110101110011110010010000001100100
0110101110011010111111011010011111110010110111011110101010101011000011001101000011110100110001111110001101101000101011111100110000001110110101100000001110101000100110110101111011001000100011010010011101011101110011111010100111101011010100011010001101110011
0101000000111000100110101011011110010011001000110100011011011010000111110011001001100011101001110101001110000101101111110101010101001010010011111001010111101010101100100000100100010100001111001110000101111010111110010101010010001101100000101110011011010011
0110111010010110100101111011001111001011010110111111001010111010101110011100011011100101101101110100000101111010111011100000011000011010011000000101001101010110000100011010100110000010010101010111100101111011011101100011110010011010110111101011010010000011
1100101000111110110010000110000111100110011010001110100001011110110011011011100000001000100100010111101110100001011010011101001101010001110011001111100011010100011111001010111000100100111111100001100100011100000111010011100111011010100000010011001010110001
1001101111010111000111100111100000110111101111101000100001100110101011101111010000011111101000111101110011000011000010000011101100010011110000011110101001010110101111000011011101101110001101100000011101000000100001010011101010001101011000011000101100011111
1100011110111001000100001110110100110001110011111010010011110001111011000011111010000000011111011110010101001010101100011000010011111000110111110101010011001000111111001111101010001111001000111101000000011110001000100100110010101011010001001011011100000010
0010001011010100111110000101110010101111101111000000010011010010111111001011110111110001010011110000100110001111010101011101011011000000010000110010001000001100101011010100100010000110010101011001100100000010111010010010100110001001011111011001101101010101
1100100000111011001111001111011111011010100101110001101010000000110011001101110000010111010101100111111000011111110011110110101101001110011010111011001011000001011001000010111111111111010110110100100011011110001110101001110101110010100101001010111010101011
1000101110110110000110010001000000100001010010011011010011110100010011100101010100101010111100000000100001101110011101010110011010001011001111110001001111010001001111101000111010110101101110011000100001111001110100001100000100001010111001001011001110110010
1100001001100010001110110001110010000000111100000110101100000111101101101110100101001011001111011010110010010000000110111111101110111100001001111101101100111000010110000111110111011000001011101100100111001101100011000100101110001100110110111101000101111011
0100100010101000101101101101101001011101011111100100100011011000100100000111001111001001101100001100110110101100100101101001101010010000000110100000100110111111111010010100110000011000101010011101011000100011001110101001100101001011011000000101110011010000
0010000111100100000101100001110000100110101111011010000010001111010001101011110101011000010110101000011001111010011001111100001010010100110000101100110001111011000111100111100111000000010100010110110011010110000010010100110010000111110010101000111001111101
0010001101100010100001110111100010010101001000100100000001001111011001000011100110101001101010100011111100111101110001100001001000001101010100100100100000101011110101001111001010110001010101101111010110010101010010000011001111111101111100111111001110101110
0011111000101000100000011010111011000001110100101011011101001011010011100011101110000001001110011000010000110011111100001011001000010101010001000010010011001110110010010011001110011000110011101111101101000010001101000110000100010110000100101101100110110110
0101001100010101111000100001100101010100001011101111010110110101101011000001011100111111111100011110100111111011111110110111100000111111111010011011101100111001100000111100000010010111000001000111011001010110001101001100010101000101001110100001011111000101
0011010000100000010010000001111110010101010011011100010100001000111110111111110010110011100001110000101111100110000011101000011000001110111001110110101001101000110010010110110011000110000011000111111010000010110011000010101010101010011110011000000100011110
0100000000111001100011011100011000011111010110010100011011001001110110110111111010101110111111011000110111100100101011000010101001101101011000010101011001000010100010100011001101000111110100001001101100010110110110111110001111101100001110100011001100110011
0111011100000011101010110000011000110110111110111101101000100010000100001100011011110101001111011110101011000001100111001000010011000001011010000001101111101100110010101101111000011100011000100011001001110010011110000001000110010000001010111110011110010100
0110101111011111001001001110111010110111001000011000110110001000100010110010110101011110110001100110001110101110101101110110001001001110000110001011010110010100000111011111010011110110011011101010010000011101100100111100011111011001100100101011111000101110
1110001010000001011011000110001111100110111010100100001101110110001000110111101101011101100110000010000101101011000111000100010001011011000000001110100100110100000010100111110011110110111110101000110110100100010000101010101110011111110011101101001110111000
0001011101010100011100101000110111001000110111000101000110001110111111001010011111110000100100110110011010011101001101110110011001110100011000010101110100111110101011111001100101111100100110110111011010000010010010111100001101001010100010110101111000101011
0000011110111001011110010100011111110100000010110001110011101000110010001101100111010000110110111100010111100001111111011011010101111011001011000001000111010010111001101010100110111101010010110010011010011001111001011101101000010000101111100101101011001111
0000011011010101001100111100111101000011111000011011100000101000100100000010101101001111001100001011001010000101100111100011110001100100101111110010000011111000011000001101001110111101001000110011010101011011100000011011110101100001110100010100001100001111
0010010110111110100110100001011111000100001010110110000001101100111111110111111100111110011100110101010010101100100110110111101110111111001001101101010110011101101000001111011010101111100010001101010101100101101011101111000110010001011010000111111000001111
1110110111101011111011011011000100000001011000011000010001100100100000111000100110101000111101110001011100010111100111000000100101010000000100101100110101101000111111110011101011100011101000101001000010001100011001001001011001000011110000101100101000111000
0011111100000000101111110110100101101110001010111111010001111000001011110101000000100001001100101010000001011000110010100110000010111000111100111001000001111110111001100011000110111010110011000000100101101010011101011011010000011000101101001100011011001011
1010110000010110100100000010111100111001111000111100101000000001100000000111111010001010110100110100000000000101101010001000010111100101011000111011110000010100111110110011110001100001001000101010000100010101110110101001110000101101011000101111011100110001
1100010000000001111100101001000110010101011011010101011110001101000101111010001011001111011101100011010111011101011000011011011101011011010000010010101001001000100000011111101100110010100000110100010001101101000111010101111100011101010000110110001101100011
1100111101111001011000000001111100111110011110100001011000001001000010001100000011100001000011001011001100110000101010010111001110011011110001111111110101001011000011100111001000000001110011010111000010011000111100111001000101001000010011111011010100000100
1101110000001000001110101110011111000101010011000010111100101001111110001110000011101101110000011001100010100111111010001100000000110001100100100110010010101001100010000001011110101101001011001110000011111110011000011110110100101111110110010101100000110110
1100000100110000101111011101101100110110101111111101111111011101110110100001110100010001110110110101110011101100011001100001000100011011010010011001110100000111101010111110000101111111100000111101010010101110101010000000011110001100011010101000000111000101
0010001011101000101001110001000101010110001100011011011010011101100100101010010001001010110011000110011101101111111011101110100110110100111001001000110100101000010100000111001001001111100011011010110001011011100000111011111111111100001001111111011001010001
1000001000000110010110111011001111011101111011011100000010100000111111001100111001111000011010010010010100011010001010110111011101111010111101111001010101010100101001100101000100111101010111000100101111011000001000100000000001111101101000000111100111001100
1111100111000100011001110000001100000000101100011111000100111100011110001000101100100111110111111100110000101000111000110001011110010100011100110001011011101000111010111011100110111111011110110000001101001110101100010000111111010000000011111100111110000000
0100011111011110000011110010011001111011100011000110101101010111110110110101110001111000011000111000011100001011001111111111000100010001110101010000001110010111011011001101000110101000110101010101111110100101100000110100001101100000110000111011001010001110
0010101000101100100111011101111000110100000011000100010110111101010011111011001100100110011111000010101000101100010000110010111101111100000001011100011000100111001101011100010111101000111001100110001000011011001111111101100110001100000101000001010101101010
0010000011000101101001110000001011011011001000010000010000110010000111010000110110000001111100110010110010011111101010011010101110111000101010001001010011001101110010100100100000101110100101101010000111010100111001110001010100100101010011011011110111011100
