010010000000001110111011110111011011111101100011011110000110111000100010000000010011111011001110111100010100100010101010010000110110111010100111011000011010001111010110101010100100010110011001101110110111000001110100100110001111010010010100110111110100100001000
101000001101101101111001001101111110000001110011111111111001111100111111111111111000010011010010110110100000001010001111100110100011000101110011010011010100001101000000100011101101100001101100111100000001100001010001000000100011101010110001110101011010010010000
111010000010001111001101010101110110011000111000011100100011111111100000000010010011000111001101000101111111000110001101101101011011000100011001010000110111101110011101100001110110111101001110101100010001100110110101110110101111001100001001001000101100000110010
101000100100111011110011111001111100100111000010110010101100110001111110100111000100110000101000011011101101011010010011100000001011100001101010111001010100011110100101100000001100000000001110111111111110010001001101110101111010001111101100010010011010010101000
100110100111000111000110011000101101001011010110101110111100000111110111101001110100011011111100110010110111100011000111000110000100000000010111000111110101010001001000100111001010100111101001111010000010001001101100110100110101111010100010101110000010011010110
111010011011011111100101101010100011011010111010101010111110000000100100111000000110111011000110111010100011011010111111111101101110000101001100100100100001000101001001001111010110111100001100100100101001101000001100011001111010001010000101100000111011110110100
000000010110010000110000000010100001111000101011111111010011100110110001100000111011010011000101001010001000100110011011011001010110100010100111111011110110010010100111100010011001010100111001101110010111001111111110100101010100011101110110011010100000000111001
111010001101000010100010011010111111010011110110011101100010111100000001100011001011011000110110100110101110101001001100101111011001000110010010010101011000111100110111100001011110110101110001000110001001111111000110101010101010001000111001111111001000000010010
110100111111010110011000100000100001110111110010110111110001011101111001011110000100000101001000011110001011101100010001101101010000101101000110000001000111010110100000111110001000011110010010101000001101010101010001101001101111011101011011111100011100011100111
010101001101100010101001100010000100001101010101100011001111101110001010111110011110000111101010000100110100110000001001010111110010101101010101010000011101111111100011001000001010111101010100101001111111100011001100111101001001011010101100100011001000001110110
001011001101101001001110010001100001011111111100101010110011101010100010011110110111101010000110110101011101111010101010010010000010100000101101000100111000101100010010110010001110110111101000011111100010101100000100100010000011111111010000110000110101101101011
011111001001000100100011011101011001100011110100000111011010110000000010110001001110011000111110101111110111101111001011010100000000010111111110110010111010101000110000111011111110110011011001110101001011000011100000111000011100011100100000000011101100001100101
011101001010010100011111111100000110011011110000000110001101001000101000000101100101110110110011010011001100011011011000110100101111111010101011001010111101010100010001011010101000011100101101010011101110110111001001001111101001101100011010000000111000101100101
000100110010000010011100011110001100011011000000111011010111110000101110111000111001011111001000001000111010000101111011011110100010111010101010011000111110001100110010000010101001110000011101100001011110000000010011101001101100101010111111001010111010011110101
100000000000101011011000011001001100001000110110111011111001111101011001011101011101110000100011100101000101001101011001101000111011110110100010100011001100101101000110011110100101001000010001010000100101001111010111111101011001010001100011011110011001101101100
110100101001010000101011110100100110101011111000111011100001110000111000000000101010011111110101010110011010011111110110111110100001101100000001011110101101010000001111100000111010111101100001101101000000001011000111111100011001011110100010000001110101001001110
110101001111001100010011011011011011100111000111101010010011000000110101011000000011001001011011000100100100110001111111010101011011011110010100010001001111010101010100110010110110001111001011010100011111100011110011100011010010100011111000001101011101000010000
111100101001000100000101010110100101010000000000111011110100110100101111111111000100000011000011010100101011010101011010101100111100101101010111110101111000001001101001000101001101101101111101111110011011001011000011110110010110011010111001110000010100100000101
011010010110100011101111010101001011100100100100110011000100111011011110010000110000101110010010111111000110101101000001010011000010011000011010000011000111100010100010111100101111101110111010100001001101110000001011010111000100110110111011011100110011110100011
011110101110111101011110000010110010010000001000001010010110000010110001110011110110011101010101110110011011011011011011000100100001010011010111100111010110010100100000100010100010000010110110010001100110111010011111010110101000111111101001010110000111101100111
101100000111100010011111101000011100001001111110110110111100101010000000101111100000010111100000100000110100000111001010111110010100110111011111000110000011110011000110110110011110001100011111011011001000100100001100101100010101000111001110000111101010101011101
100110011111001100110111000011100111010111100010010001100101110010101001100100101110011111001100001000100100100110000011000011001011101111010110101010110010011101000101000101101010111100011011000110101101101010001000100100001000001011101101011100110111011111010
100001001111100001001111110011100110011110111111010100111110101111100001101101001010001001100011110010111001011100001110000000011100000100000011010111100001101010001001100010011001011110100010001011001111001010110010110100100111011110010101110000000100001111100
110010111011101111001110011111101001010010000111011011001010001001111111110111001100001010001000000111111011010010101101111001101101001100001001000100011011100010001111010000001011010110000010101110100011100010000011111010101111110110010000110010101000010010010
100100001011000000101000000101110011100100001001101011011001000011011000101001111111000011000110110111010110111100110111110101010011001011001101000010101011000110010011000110101011101001010001001000000101011011111111000111001010111001111011100111110010000011011
000010010000001011000101001100010111011010111110110001000000101011001011001011101001001111111100011000101111010010011001111110100111011101010101010000111100000011001111101010111111010001000101100010110000001101110001000001100111000110101100111010110111110000010
111010101011000011011110100101100110100110101001000000110010011011000011110110000001010010111000000111111010110001011000111110011000110111111000011001111100000010101000111110010100011011111010111111010010000000100111001011010110101111100100001101101110010011000
110010000111100101001011110010100000101100000010010101000011000010111001110001001011100000001101111101101100101110010100111111101110010110011001100100110110101101001000011000101101001101110110000001111101011100000101011110111111000010101011111100101000001011101
000010111111001111100100000111110100011100010010110100110000111000101011000111101010110101010010001000111011110000110110010111011110011100111101001010101100011100101110100010001100000010100101010001100000111111010001001011111110100110001010101011001001000110001
000100001110001101011011110011001011000010100111111001000000110001101011011101111100010100100101011111000100111000110110001100000110100101100111001110000110101000000110011100000100100110010111111100110100000000001011000111101110111111010101111001011000011111100
110010001011010001010000101011111000011011011000011101001101001001010101000011001000101010101010011101101101111110111110111100100000010111110010100010000100100010001001111111110100010110101000011001000001101101110010100010111110010010110011011000110011011101111
010011001111100111100101101011110111100011000010100000001001111001101100110111000111101100010010001010101110110001010000101001011010000001110101110111101001111100010101000101100110111000000110100101101011000010001010011111000111011001001111011010010011000011100
000001001000111100111001010110011110001110100100000010111011101011101100010001001011100010110101011010011001111101101001010110111001001001010100000100110000110010110011010101000111010011010101111111010100000111011011010001100000110001111010010010100111100010101
001110000111010000101010111011111001101111110010111001010101000111011011011010111001001101111100010101000101000001111000011001110010010101111110011001100010010001100001111100000001001111111110011100101010001001101000011100110001000010110100011001111010001001001
011000000010101100110011101100000100001100001100010111000011000100100111001110000001111001000110110100011111000001111001101101010010100010111100111010100101011100010100001101111110110001110010000100110100110010111110111000110011111011101111010111101001011010001
001000111000011101011000111011000001101010000001101110001110111110010010101010111001110000001110110110110010010010101011100110001011010110101111000001010000111110111101000100111001111000001000111111100011000010101110010001101101100010110100010011110101001100001
010101001010101001011000101011110101110101001110100011000000101001111010001111011000001011100001001111110110100000010111000110101110001011010100101010011000100001101001010010010101011101001101110100101100001110000011010100010111100011110011011111011111101000110
101010101101111110010110100111010010100011101011111001011010111111001001000110001001010111100001111011010011011100001101110100100011111000011100100010101101100001101111000111110011110000000110101000100100000001010001101111000100100101101101010011001000111010000
111011001011111000100001010001010000111110010001110001100000100101001111011100011010100001100010111001011010101001001100101110011110101100110011001010100100000100001010000111011010111110011111100110001010111111100001100110100101011100111010110010110010110111001
010110111010011000001110110010100001011110111001010111010110110111110101111101010111001111000001000110000111000101011010111000011100101100100101101100100110011000000001011010111101110000110001001110010010011010001111010100010101110111011101100100010101100000000
010000101110101000000000001001011001111011001101000111100001100000111111010000010000000101110101110001011001010000010101101100011001011011000010111000101100111100101011001101101100000001100101011010111111111011110000010011011110111101101011001111010110101101010
010000100011111111000001000000110000100110000111011010110101100110111010111100010000101101100110101010110000000011001100011101011110010111100000011100111101000010110111000001101101100010101001100110011001110110111100111001110010011110111001100100001011010100110
000110011111101000101100011111011101111010010110101011011110000100100101001110110101011001001010011000100111011000101110100000000000011011001111010011101100101100111010011000000011010111110010000100100001100101110001011001101000101111010101011111000010001011101
010110100000000010011111110000010110011000011000010001010001111001101011000001011100011000001110000110101010110010111100110011000011011101101111111111001110010101001110010110101110000011101100010011001100011100011100100101111011001010111111000000011101110101011
100100010111111000010101110011110100110110001010000100111011111111011011111111001001001110010100010000001010001101100110001011000111111010001100110100000100000100011000101110111100000101000111011100100110010011101111110100110101101001001000101001000111101100010
010110111100001100000000100101000100100000000110011001010010010000011001001110110011011100101101111001011101110000110011001001010010000111001101011010101111110001011101110000100111110001001111010101111110111110000100001111101100101111010011000011110010110101101
111000011000100110000110010001110001110100001011100000110001111010110001000110001000100101111001010110111011010100001111000101101111111101011001101100010010001011101101111000100100100110100011101011001010011100000110001111111100100110111101101111100001110000100
111111001000111010001111010000111100101110000011110001010001010010001000111010111110011011100110110011110001100000000001001001001100101011101011000011001101110101101011111011010111001000111010101110001011101010101101011010000111000011011010100101000001011001111
011000001101000100110010001010110110010101101110111001100011100000101110011100110110100011111001111111010110111010011100111000010101100010010000100101110000000000101001111101111100000001010011000001010100000011100010010001101110100011011110111111110111111000101
010001000101011011110010001111000111010000010011110001010100010000101001010000010101010110011000111100110001100001110010110100111110111111110101111000110000111101000110100001110001000101111010011011000000111001011011001100100111111011010001110001101010100101110
