0100100000000101000110010100000110100111010101110111101011000100001010010010101000011000000011110101101011111101110101110001000101001000100000010100110010110001010101000010010110100011000001110001101001111001000111010001010000000101110111010001100001101011
1010000101011000010111010100001000001111000110111001110000010000010000000110100000011011011111101011100100110001000011100100011110100111101110001110001000100000010011110000101101101111100100100110011100101110010000111111101001001011010000001001101100111111
1110100000110101100110111111110111001010101100111110011111101101000011101110010101010001111101101011011001110100110110000001001011010100101000001010000100111001110101111001101111001101001000110010000100100000000101111111000111100011000110010010001111110011
1010001110101001111100110010111100111000101100101000001000001100111000010001001010101100111101101011001011011001111101100001110000110110010010110001000010001101011011010001000001011010011001110010011111001101010100111110000100011000010100010100111110001101
1001101111100010001000011110101011101000000100111110001000000010010110110101110100110010100001100010111100100001001101111001100010001101100011010010111010101110100000010110101011000101010000010000000111001100110011000111001001101111100101001110011110001111
1110101010111001001100010101001011011101110000010011011101011010110011000101001000101110111001101100110000110111000011001111000011010110000110110110111101000100000111100011101001101100011011100111111011000101011101111110001001110111010100111100111110011011
0000001000110010011010000100001101001000101100110100101011110010010101010010100011100011110000100011001100101101010011110010001011011011110101011110000110010000011100110110101011010000111011010101100000010100000011000001110101001001100100000010011010010010
1110100101000110110110001001110110000010010010111100000011110100010001011010110101100110010000100111010100010001011111000101011111111111001111110011101000111001111011100100011011000010101011110010101110001101001001011100001001011000111111101111110101011110
1101011001010000110010100101001101101101111100001010101101010110001100110101000110000001100111010101111001011110100011110111010001110100001000011100010011110011000010011110011110100101101111011110011101001001110000111111110001011001010100110011000011000000
0101011110111011001100101110111011110110001110010011100101001000101101011010111111000000110001111100011010110111011011111000101010011000001010111101101010000011000000011101101011010000100100110000011010000000010010000101101110101011010101011011110100010110
0010111110111101111000001001000011111110100110010000101110111110111101101110100110101010001101100011000010010001111111111101101010101000111111010001100000000010010011011111001011001011010000101111011111001001000010000110101100011111110110111010001000001111
0111111101000111101011101011100111001101000011001101110100010010010110100110101001011110111011011000101100100001101000100001010110001110100000001101001001110110000110001000001000000111001111111001101110100100000110100011010011000000010110100100110101110110
0111011101100111111010000101010001011110010001110111111101010111111000101110010110011010000101111111011100110111000011001010111111000100010111111011101100110111100001011110010001111011001110010010001010111010101111101001110111110111010000100001110110100011
0001010011111010111001001000111111011010010001011101100011000011111000110011110100000010011111110000110100100001010011001110000011000011001000101110000000100111000100110000011110110110100010100001010010011000010111010001111101101101000011100101100100000100
1000000000001111011110110001010100010110110101101000110001011011001110000101101001100001000011010110010001000110001110101011100110011000100010010110010010101010010000000100000001100101000111111111100110110101100000000011101010011001100101001011111000001110
1101010000011001000111110110100100100111011111110010100101000011111110111001000100011100111011110100100110000010100101001000101001100101000010011100111110110010101100101010100110011111110101010111110101000100100010001010001111111001111000101001001001000101
1101011111100101110010110000010111111010110001111111110001111001011110110101110111000000001011000111111000111010000110001010110001010010111111001100011111100001110011110101010011111010100111111010110001101001000110001010110101000110000011011010100001111110
1111010000010100000100000111010011001111001000011111001110000010100100101001011000011001100010101001010000100000001010100100000101000111100101010000101001010001000010111000100010101001000011000000001001100100110001001100111110000011010110000111011010110011
0110101000111010000101110101110010011111011000001010110000101011010110111110000101111010010001000111100111010110100110001111011011011011110110001101110100111000100001101011011100111000010010111110001000101110011010101101010010110000000011010010110101100000
0111110010101100011001001000100001001111110010001001001001111111010110000000010110101001001011101101011101101101101010000101110001001000110100100001010101000000100100111101011010111010001100101101000000101010001101000000110001100101010001010110111111010100
1011000010111011010010111100010011101111110000010110000110011111101110110000001101001001110011001001111011000000111101001110111110100111011100010101111110000100011111001111110100011011011110100111011011101111100101100010010010011110000001110011101100101010
1001101100011000110111011000100100001100100110000000100001000011011000101111000101010101100101101011111111000100010110100011101000001001001011100111010010011100001001110000010101101100111000000110010000000010101111111011101110111000001010001111000001111011
1000011111101110001001110010111100001100101010100010011010000011101100000110011011011110010001001111110011110011100110101010101101110011001010110011101110110101000101100100101111111010010101000010100101011100011101111011011000011101001110100001011011110000
1100110111110100110011011101101001011101101001001111011111111001010001101100101110010001100101110100100100011000011111010000000000000001101000001010011100011000110101101111110101111100001111011001100100011000011101001000110110110011100110111101011010111100
1001000100010010111001010111010100000100111011011010110110101001110100011011010011000101110110011111000000110110101101111000101000110100001011010101101101010110101101110110000010001001110100000010101110101001010111000001010011011101111101001000011011011010
0000100110010111010010011110001011011000100011001010011111110011000110110011101001101010001010001101011000100011010110101101101101111100000001011110101110100101001110010000111110111010010011000100000010010100100100000001011101101000111011010010111000101001
1110110001000111011111101001010110100011001010110001100011001010001010100000001111001000001110001100111000100111011010010111111000110100110011001100000000110100100111100100101000011010010111010101000101010110011011011100110100110000000000111100010011101101
1100100010111100011000101001010110100000110011010111111111010101110100101101001011100001101101111100010000000111001100010101011101100100001101011011000101000110001010000110111001101001001011100111111110100101100100011101110110101110101001110100111000110011
0000111001001110000101111000011100110110011100111110011000110001001110101100100010000011100000110110111010101011001000111010000011001101110011100001101010110110010100101110110011110010110111001010000000010010100110101101100001001010110111101110011001101011
0001000101100101000001010111001110110011111101000000000110010011000000100011000111011101101011101100101111100101111001000000000100010100011011111101111101000011010000010010110001011100100010010110100000100111101100011110000110110101110101100011000000001100
1100100100011001100010010100011110111001011101110001110111011101110101110000010100100001100110001000101001001111011000001001000011010000101100110010010101000001101011000111100101110110000010110101110000001010001010010011001101101011000100111010000101110101
0100111111110000101101110010010011110101010100111101101111100001000111011110011010110000000110111101101101110111011111000010001101110101001001011111001111000100100001111011101000000010110001010101000000001001000111011011011110010001001110011000101010111111
0000011101000100101010011100100111110111000101011110000111011110010001111110100011110110101110101011100000001110110001001110100001100110100001001100111001111111000111101111001011100100101110111100000000000011110001101011000100001001001011011001100000100110
0011100010110100000101100011111100111100000111111101100000101001101111011011011010110011001100010000111101100011000100100110011110110000100101011111111100111111110010010101111000000011110111000011100011001101100101000011100110001111101101110001010101010001
0110000001000000111111000110101100010000011000001111001001101111001100110101100000010100010110000011011110010011000001101101011110001111111000110010111001100100101011110000010010101111110101000011001000001110111111011110011100100100000010111100101001100011
0010010110100000001101111111010011001101111001101011010000000110100001000011100110110010000001100101010110011110000111111010000101010000011110100001111100010111110001001100000101111111101011011010101000011010001010110101111010001101001110100100011110111010
0101011101110000010111110100100100111000001110101110101110100100110110100011111000001110001011100110000000011001010000000101101101111000100101111100001110010101010011010111110110101011111100011111010001001011110010011011000110011100011110001100111011110010
1010110010010010111011001110100010001111110000101100101011101010110111100010011011001000100010001001111100100011101100001110101101000100001000001111101000101101001000101101010100110100001001101101110010000111010110111111111000001000001010010010011110001010
1110111110010000011010111100000011111101101011101110100111110111111001010110000000000111010001101000110110011110011000110100010111110001000101100000111011000101100101110011101100011100001110101001111011011100111000001011010110110001000001010101101110010110
0101110111010001110111101000010100001001010011010000010000100011000010000101110001101100100010100010100101111100110001110000010001111001001101100110100100100110110010110100000001111010111010011100001010100100111101110111001101011100101010010010101110011000
0100010010100011110000001000110100110110011010101000001010101111001110100010011010010000000010101001100110111101101010100010110111100011101010001111010100110001000010101010010010101110110111001010101010101111110011011111001000010011100000011011001010100000
0100001110010001110111100100110000100000011111001000111101001000000101001001111001110101000010111010010110010001101010000010111010000100010001110010001110101100100000011000010011110001111001100111010001001110111001001011001001011111100100011000100011010000
0001101100100011111111111100111100000111101101001011010001010101110111011001101101101010000000000110011111011101010100100110110001000011001001111100011101011010111111000100000101010100111001011010010010000010010001101110110000111110111001100111100100110011
0101101100101101110111011100011001101101000101100001001000100110101101010001111011101100001111110000011100001000001111101001100010111101000011101100011010001100110011110100110000110111100100010111111101011011101000100000111100011000111011111110110001101110
1001001001011100010110111000001010000111001010100111101101000001000010111101001100110000101001011011010001000000001101000101001010010110010010101110101101111110110111011001101101111101101000111101011000010001001010100000001000111100101110111000110010000101
0101111000000000000111001111110101011110010001000000000111110000010001011010111110101011000011010000101100100001011001011010010101110010100111000010100000011110110001011010111011010000110110110101001101111111001001110101111011000001100110000000001000011100
1110001001101110010010100011010101101000000011011000100000100110111111100101111011100100001010001100000001000101010000011011010010001100101010000110001001011011010110011000001110100001011001011101001011010111111111101010100101000110110000110010100011000111
1111111101000011100100111011000101111101011010010010000011110100010010011010010110010100100100111011001100100011001100011111100101100110111000101001011101100110001010101010100010000010000111011111011000110101110000010100100111011111000010010001110101100111
0110000101000111101110111011000100100100010111111111010000001100010001001011011010001001101000001001111001110110001001100110001110001010111100001001111111100111001100101100010111001111001000010100110010101110010100111000101001111001101010100111001100011110
0100011011101010001110101110101011001110011110110101111110010111011010010001000111110000001101110100100111001110000110100100111011001001010000111001011110011001101111010101111100010001111101000100100010111101110010011010100111100110101101001111010111101111
